2.270410 2.736173 1.942313
2.164186 2.771292 2.406192
2.370116 2.902534 1.942171
1.970538 3.158707 1.930935
1.721131 2.667381 2.050588
1.727482 3.070393 1.776301
1.781056 2.767191 1.815481
2.423556 2.877243 2.223322
2.202593 3.146919 2.172379
1.927765 3.258419 2.252568
2.081543 2.842981 1.825494
2.227651 3.328646 2.077495
1.598403 3.161982 1.915511
1.670504 3.197664 2.315723
2.056649 3.131268 1.991326
1.660098 2.930524 1.756469
2.110906 3.271579 1.645787
1.744968 2.932674 1.882814
1.858400 3.470791 1.938861
2.132564 3.201120 2.431113
0.785262 1.025694 1.017379
1.345553 0.906381 1.042290
1.242221 1.126822 1.137395
0.959724 0.678861 0.914053
1.001154 0.867214 1.148606
1.043994 1.184588 0.958646
0.846316 1.387069 0.976390
1.063437 0.860735 0.978615
0.705478 0.900706 1.047765
0.707507 0.962512 1.005135
0.778944 1.270931 1.091659
0.919616 0.733560 0.945922
0.869977 1.173550 1.014078
0.997869 1.348248 1.085825
0.905297 0.918825 0.911612
1.061864 0.943238 1.123615
0.621614 0.937168 1.092214
1.016984 1.000883 1.130412
0.898172 1.204386 1.045031
0.840675 1.275278 0.974763
1.570101 1.071342 1.076464
2.117053 1.095745 0.905795
1.934517 1.094068 1.419894
2.433219 1.144034 1.096883
2.093772 0.562795 0.907269
1.886543 0.730614 1.263180
2.329601 1.115261 1.199083
1.813591 0.853961 0.603931
1.622006 0.897114 1.161519
2.226416 0.649470 0.936153
2.188074 1.358196 0.889111
1.652820 0.965013 1.202490
2.311163 0.980330 0.964463
1.908439 1.254138 1.144779
2.219668 1.348798 1.017854
2.054961 1.198619 1.160418
1.827815 1.238698 0.895132
2.223429 1.279947 1.077920
1.982463 1.151905 1.395284
1.812382 1.076631 0.884409
