2.073686 3.285717 1.259821
1.977516 2.905194 2.564455
2.413000 2.713104 1.457466
2.435722 3.580458 1.660810
1.748098 3.713630 2.259779
1.127961 2.697062 1.747141
2.379827 2.557562 1.588148
1.384054 3.231625 1.706942
2.364403 3.896489 1.893790
2.655567 2.908271 1.835020
1.627656 2.617347 1.551852
2.533069 2.734498 2.574666
1.782709 3.129005 2.841137
1.856440 2.303186 1.499623
2.421178 2.482683 2.504350
2.523893 3.005375 2.071782
1.944280 3.939682 2.167903
2.687131 3.126547 1.539237
2.003856 2.329704 1.631142
2.241451 2.437239 2.688749
1.042794 1.450175 0.659174
-0.370657 0.681897 0.897802
1.420519 1.358545 0.899022
0.726787 0.110245 1.113709
0.180113 1.486881 1.014112
0.302620 0.310695 1.252722
1.614702 1.374176 0.886539
0.937294 0.898534 0.563525
0.479049 0.861030 0.539735
1.005521 0.574431 1.179685
1.546300 1.146760 1.407627
1.153086 1.477181 0.781596
0.100744 1.199486 1.188418
2.235244 1.696118 0.842975
-0.175570 1.110155 1.062070
0.247033 0.436171 1.002191
1.875996 1.411901 0.910977
0.839059 2.008057 1.109525
0.443775 0.005809 1.203536
0.850037 1.153766 1.387505
2.651574 0.272740 0.928067
1.327972 1.313260 0.333222
1.131916 1.558569 -0.040099
3.026978 1.628431 0.575886
1.765201 -0.071563 0.413062
1.578077 0.036199 2.016160
2.319884 0.389041 2.105511
2.263822 2.045461 1.970568
3.121693 1.716028 1.382116
1.104318 2.134700 1.194563
3.211803 0.992223 1.332034
1.532531 1.445147 -0.257681
2.797220 1.585112 1.578473
2.535994 0.514951 1.392636
2.181096 -0.101563 0.558914
3.338395 0.367385 1.195393
2.148654 1.712599 2.182584
2.629879 0.330081 2.034086
2.087555 1.010358 1.215411
0.887715 1.189730 1.343581
